precinct_id	name	list_order	type_1	type_2	type_3	type_4	type_5	type_6	cmax_category_order	ed_turnout	ev_turnout	MAIL_turnout	type4_turnout	type5_turnout	type6_turnout	turnout
1	Pct 1101	1	1	2	3	4	5	6	2	126	266	0	0	0	0	392
2	Pct 1102	2	1	2	3	4	5	6	2	266	480	0	0	0	0	746
3	Pct 1103	3	1	2	3	4	5	6	2	246	445	0	0	0	0	691
4	Pct 1104/1105	4	1	2	3	4	5	6	2	249	414	0	0	0	0	663
5	Pct 1106	5	1	2	3	4	5	6	2	191	343	0	0	0	0	534
6	Pct 1107	6	1	2	3	4	5	6	2	163	336	0	0	0	0	499
7	Pct 1108	7	1	2	3	4	5	6	2	232	438	0	0	0	0	670
8	Pct 1109	8	1	2	3	4	5	6	2	166	365	0	0	0	0	531
9	Pct 1111	9	1	2	3	4	5	6	2	205	460	0	0	0	0	665
10	Pct 1112	10	1	2	3	4	5	6	2	151	344	0	0	0	0	495
11	Pct 1113	11	1	2	3	4	5	6	2	135	360	0	0	0	0	495
12	Pct 1114	12	1	2	3	4	5	6	2	226	404	0	0	0	0	630
13	Pct 1115	13	1	2	3	4	5	6	2	174	371	0	0	0	0	545
14	Pct 1116	14	1	2	3	4	5	6	2	225	376	0	0	0	0	601
15	Pct 1117	15	1	2	3	4	5	6	2	185	357	0	0	0	0	542
16	Pct 1118	16	1	2	3	4	5	6	2	213	476	0	0	0	0	689
17	Pct 1119	17	1	2	3	4	5	6	2	165	386	0	0	0	0	551
18	Pct 1121	18	1	2	3	4	5	6	2	160	313	0	0	0	0	473
19	Pct 1122	19	1	2	3	4	5	6	2	110	310	0	0	0	0	420
20	Pct 1123	20	1	2	3	4	5	6	2	179	364	0	0	0	0	543
21	Pct 1124	21	1	2	3	4	5	6	2	152	302	0	0	0	0	454
22	Pct 1125	22	1	2	3	4	5	6	2	159	466	0	0	0	0	625
23	Pct 1126	23	1	2	3	4	5	6	2	191	400	0	0	0	0	591
24	Pct 1127	24	1	2	3	4	5	6	2	200	382	0	0	0	0	582
25	Pct 1128	25	1	2	3	4	5	6	2	154	362	0	0	0	0	516
26	Pct 1129	26	1	2	3	4	5	6	2	227	416	0	0	0	0	643
27	Pct 1131	27	1	2	3	4	5	6	2	132	371	0	0	0	0	503
28	Pct 1132	28	1	2	3	4	5	6	2	179	427	0	0	0	0	606
29	Pct 1133	29	1	2	3	4	5	6	2	161	410	0	0	0	0	571
30	Pct 1134	30	1	2	3	4	5	6	2	170	318	0	0	0	0	488
31	Pct 1135	31	1	2	3	4	5	6	2	87	295	0	0	0	0	382
32	Pct 1136	32	1	2	3	4	5	6	2	144	412	0	0	0	0	556
33	Pct 1141	33	1	2	3	4	5	6	2	223	484	0	0	0	0	707
34	Pct 1142	34	1	2	3	4	5	6	2	175	393	0	0	0	0	568
35	Pct 1143	35	1	2	3	4	5	6	2	229	440	0	0	0	0	669
36	Pct 1144	36	1	2	3	4	5	6	2	205	387	0	0	0	0	592
37	Pct 1145	37	1	2	3	4	5	6	2	189	461	0	0	0	0	650
38	Pct 1146	38	1	2	3	4	5	6	2	186	454	0	0	0	0	640
39	Pct 1147	39	1	2	3	4	5	6	2	210	396	0	0	0	0	606
40	Pct 1148	40	1	2	3	4	5	6	2	196	444	0	0	0	0	640
41	Pct 1149	41	1	2	3	4	5	6	2	210	407	0	0	0	0	617
42	Pct 1151 MB	42	1	2	3	4	5	6	2	0	0	0	0	0	0	0
43	Pct 1152	43	1	2	3	4	5	6	2	198	388	0	0	0	0	586
44	Pct 1153	44	1	2	3	4	5	6	2	210	415	0	0	0	0	625
45	Pct 1154 MB	45	1	2	3	4	5	6	2	0	0	0	0	0	0	0
46	Pct 7001	46	1	2	3	4	5	6	2	176	429	0	0	0	0	605
47	Pct 7002	47	1	2	3	4	5	6	2	176	332	0	0	0	0	508
48	Pct 7003	48	1	2	3	4	5	6	2	238	498	0	0	0	0	736
49	Pct 7004	49	1	2	3	4	5	6	2	241	496	0	0	0	0	737
50	Pct 7005	50	1	2	3	4	5	6	2	253	480	0	0	0	0	733
51	Pct 7006	51	1	2	3	4	5	6	2	254	442	0	0	0	0	696
52	Pct 7007	52	1	2	3	4	5	6	2	283	516	0	0	0	0	799
53	Pct 7008	53	1	2	3	4	5	6	2	264	546	0	0	0	0	810
54	Pct 7009	54	1	2	3	4	5	6	2	185	513	0	0	0	0	698
55	Pct 7011	55	1	2	3	4	5	6	2	204	294	0	0	0	0	498
56	Pct 7012	56	1	2	3	4	5	6	2	313	594	0	0	0	0	907
57	Pct 7013	57	1	2	3	4	5	6	2	267	501	0	0	0	0	768
58	Pct 7014	58	1	2	3	4	5	6	2	367	802	0	0	0	0	1169
59	Pct 7015 MB	59	1	2	3	4	5	6	2	2	44	0	0	0	0	46
60	Pct 7016	60	1	2	3	4	5	6	2	171	280	0	0	0	0	451
61	Pct 7017	61	1	2	3	4	5	6	2	149	252	0	0	0	0	401
62	Pct 7018	62	1	2	3	4	5	6	2	155	448	0	0	0	0	603
63	Pct 7019	63	1	2	3	4	5	6	2	182	413	0	0	0	0	595
64	Pct 7021	64	1	2	3	4	5	6	2	184	305	0	0	0	0	489
65	Pct 7022	65	1	2	3	4	5	6	2	215	352	0	0	0	0	567
66	Pct 7023	66	1	2	3	4	5	6	2	178	400	0	0	0	0	578
67	Pct 7024	67	1	2	3	4	5	6	2	70	78	0	0	0	0	148
68	Pct 7025	68	1	2	3	4	5	6	2	85	128	0	0	0	0	213
69	Pct 7026	69	1	2	3	4	5	6	2	149	455	0	0	0	0	604
70	Pct 7027	70	1	2	3	4	5	6	2	195	353	0	0	0	0	548
71	Pct 7028	71	1	2	3	4	5	6	2	213	282	0	0	0	0	495
72	Pct 7029	72	1	2	3	4	5	6	2	184	251	0	0	0	0	435
73	Pct 7030	73	1	2	3	4	5	6	2	119	357	0	0	0	0	476
74	Pct 7031	74	1	2	3	4	5	6	2	91	309	0	0	0	0	400
75	Pct 7032	75	1	2	3	4	5	6	2	173	316	0	0	0	0	489
76	Pct 7033	76	1	2	3	4	5	6	2	191	247	0	0	0	0	438
77	Pct 7034	77	1	2	3	4	5	6	2	197	201	0	0	0	0	398
78	Pct 7035	78	1	2	3	4	5	6	2	122	262	0	0	0	0	384
79	Pct 7036	79	1	2	3	4	5	6	2	117	342	0	0	0	0	459
80	Pct 7037	80	1	2	3	4	5	6	2	135	98	0	0	0	0	233
81	Pct 7038	81	1	2	3	4	5	6	2	135	351	0	0	0	0	486
82	Pct 7039	82	1	2	3	4	5	6	2	178	306	0	0	0	0	484
83	Pct 7041 MB	83	1	2	3	4	5	6	2	2	33	0	0	0	0	35
84	Pct 7042	84	1	2	3	4	5	6	2	118	258	0	0	0	0	376
85	Pct 7043	85	1	2	3	4	5	6	2	176	404	0	0	0	0	580
86	Pct 7044	86	1	2	3	4	5	6	2	167	193	0	0	0	0	360
87	Pct 7045	87	1	2	3	4	5	6	2	120	344	0	0	0	0	464
88	Pct 7046	88	1	2	3	4	5	6	2	94	175	0	0	0	0	269
89	Pct 7047	89	1	2	3	4	5	6	2	119	388	0	0	0	0	507
90	Pct 7048	90	1	2	3	4	5	6	2	150	318	0	0	0	0	468
91	Pct 7049	91	1	2	3	4	5	6	2	173	305	0	0	0	0	478
92	Pct 7051	92	1	2	3	4	5	6	2	114	380	0	0	0	0	494
93	Pct 7052	93	1	2	3	4	5	6	2	161	402	0	0	0	0	563
94	Pct 7053	94	1	2	3	4	5	6	2	102	278	0	0	0	0	380
95	Pct 7054	95	1	2	3	4	5	6	2	215	410	0	0	0	0	625
96	Pct 7055	96	1	2	3	4	5	6	2	190	440	0	0	0	0	630
97	Pct 7101 MB	97	1	2	3	4	5	6	2	5	120	0	0	0	0	125
98	Pct 7201	98	1	2	3	4	5	6	2	245	518	0	0	0	0	763
99	Pct 7202	99	1	2	3	4	5	6	2	227	431	0	0	0	0	658
100	Pct 7203	100	1	2	3	4	5	6	2	291	423	0	0	0	0	714
101	Pct 7204	101	1	2	3	4	5	6	2	233	531	0	0	0	0	764
102	Pct 7205	102	1	2	3	4	5	6	2	251	485	0	0	0	0	736
103	Pct 7206	103	1	2	3	4	5	6	2	135	191	0	0	0	0	326
104	Pct 7207	104	1	2	3	4	5	6	2	196	434	0	0	0	0	630
105	Pct 7208	105	1	2	3	4	5	6	2	111	328	0	0	0	0	439
106	Pct 7209	106	1	2	3	4	5	6	2	107	423	0	0	0	0	530
107	Pct 7301	107	1	2	3	4	5	6	2	228	435	0	0	0	0	663
108	Pct 7302	108	1	2	3	4	5	6	2	188	458	0	0	0	0	646
109	Pct 7303	109	1	2	3	4	5	6	2	281	482	0	0	0	0	763
110	Pct 7304	110	1	2	3	4	5	6	2	278	493	0	0	0	0	771
111	Pct 7305	111	1	2	3	4	5	6	2	240	460	0	0	0	0	700
112	Pct 7306	112	1	2	3	4	5	6	2	317	498	0	0	0	0	815
113	Pct 7307	113	1	2	3	4	5	6	2	210	346	0	0	0	0	556
114	Pct 7308	114	1	2	3	4	5	6	2	177	313	0	0	0	0	490
115	Pct 7309	115	1	2	3	4	5	6	2	263	439	0	0	0	0	702
116	Pct 7311	116	1	2	3	4	5	6	2	268	448	0	0	0	0	716
117	Pct 7312	117	1	2	3	4	5	6	2	203	470	0	0	0	0	673
118	Pct 7313	118	1	2	3	4	5	6	2	225	485	0	0	0	0	710
119	Pct 7314	119	1	2	3	4	5	6	2	125	271	0	0	0	0	396
120	Pct 7315	120	1	2	3	4	5	6	2	220	282	0	0	0	0	502
121	Pct 7316	121	1	2	3	4	5	6	2	205	367	0	0	0	0	572
122	Pct 7317	122	1	2	3	4	5	6	2	189	454	0	0	0	0	643
123	Pct 7318	123	1	2	3	4	5	6	2	179	390	0	0	0	0	569
124	Pct 7319	124	1	2	3	4	5	6	2	301	516	0	0	0	0	817
125	Pct 7321	125	1	2	3	4	5	6	2	149	286	0	0	0	0	435
126	Pct 7322	126	1	2	3	4	5	6	2	65	337	0	0	0	0	402
127	Pct 7323	127	1	2	3	4	5	6	2	234	455	0	0	0	0	689
128	Pct 7324	128	1	2	3	4	5	6	2	190	364	0	0	0	0	554
129	Pct 7325	129	1	2	3	4	5	6	2	243	436	0	0	0	0	679
130	Pct 7326	130	1	2	3	4	5	6	2	200	430	0	0	0	0	630
131	Pct 7327	131	1	2	3	4	5	6	2	71	276	0	0	0	0	347
132	Pct 7328	132	1	2	3	4	5	6	2	94	394	0	0	0	0	488
133	Pct 7329	133	1	2	3	4	5	6	2	112	321	0	0	0	0	433
134	Pct 7331	134	1	2	3	4	5	6	2	213	461	0	0	0	0	674
135	Pct 7332	135	1	2	3	4	5	6	2	225	364	0	0	0	0	589
136	Pct 7333	136	1	2	3	4	5	6	2	298	543	0	0	0	0	841
137	Pct 7334	137	1	2	3	4	5	6	2	199	462	0	0	0	0	661
138	Pct 7335	138	1	2	3	4	5	6	2	225	523	0	0	0	0	748
139	Pct 7336	139	1	2	3	4	5	6	2	238	523	0	0	0	0	761
140	Pct 7337	140	1	2	3	4	5	6	2	179	464	0	0	0	0	643
141	Pct 7338	141	1	2	3	4	5	6	2	153	426	0	0	0	0	579
142	Pct 7339	142	1	2	3	4	5	6	2	174	309	0	0	0	0	483
143	Pct 7341	143	1	2	3	4	5	6	2	260	401	0	0	0	0	661
144	Pct 7342	144	1	2	3	4	5	6	2	334	414	0	0	0	0	748
145	Pct 7343	145	1	2	3	4	5	6	2	234	316	0	0	0	0	550
146	Pct 7344	146	1	2	3	4	5	6	2	291	538	0	0	0	0	829
147	Pct 7345	147	1	2	3	4	5	6	2	329	521	0	0	0	0	850
148	Pct 7346	148	1	2	3	4	5	6	2	250	384	0	0	0	0	634
149	Pct 7347	149	1	2	3	4	5	6	2	241	480	0	0	0	0	721
150	Pct 7348	150	1	2	3	4	5	6	2	210	353	0	0	0	0	563
151	Pct 7349	151	1	2	3	4	5	6	2	248	427	0	0	0	0	675
152	Pct 7501	152	1	2	3	4	5	6	2	172	308	0	0	0	0	480
153	Pct 7502	153	1	2	3	4	5	6	2	180	447	0	0	0	0	627
154	Pct 7503	154	1	2	3	4	5	6	2	208	388	0	0	0	0	596
155	Pct 7504	155	1	2	3	4	5	6	2	112	222	0	0	0	0	334
156	Pct 7505	156	1	2	3	4	5	6	2	158	532	0	0	0	0	690
157	Pct 7506	157	1	2	3	4	5	6	2	226	473	0	0	0	0	699
158	Pct 7507	158	1	2	3	4	5	6	2	211	344	0	0	0	0	555
159	Pct 7508	159	1	2	3	4	5	6	2	154	427	0	0	0	0	581
160	Pct 7509/7511	160	1	2	3	4	5	6	2	235	470	0	0	0	0	705
161	Pct 7512	161	1	2	3	4	5	6	2	150	283	0	0	0	0	433
162	Pct 7513	162	1	2	3	4	5	6	2	225	315	0	0	0	0	540
163	Pct 7514	163	1	2	3	4	5	6	2	140	305	0	0	0	0	445
164	Pct 7515	164	1	2	3	4	5	6	2	212	389	0	0	0	0	601
165	Pct 7516	165	1	2	3	4	5	6	2	172	538	0	0	0	0	710
166	Pct 7517	166	1	2	3	4	5	6	2	289	410	0	0	0	0	699
167	Pct 7518	167	1	2	3	4	5	6	2	309	480	0	0	0	0	789
168	Pct 7519	168	1	2	3	4	5	6	2	224	355	0	0	0	0	579
169	Pct 7521	169	1	2	3	4	5	6	2	292	354	0	0	0	0	646
170	Pct 7522	170	1	2	3	4	5	6	2	207	397	0	0	0	0	604
171	Pct 7523	171	1	2	3	4	5	6	2	275	359	0	0	0	0	634
172	Pct 7524	172	1	2	3	4	5	6	2	181	262	0	0	0	0	443
173	Pct 7525	173	1	2	3	4	5	6	2	205	341	0	0	0	0	546
174	Pct 7526	174	1	2	3	4	5	6	2	292	552	0	0	0	0	844
175	Pct 7527/7528	175	1	2	3	4	5	6	2	211	339	0	0	0	0	550
176	Pct 7529	176	1	2	3	4	5	6	2	295	486	0	0	0	0	781
177	Pct 7531	177	1	2	3	4	5	6	2	228	442	0	0	0	0	670
178	Pct 7532	178	1	2	3	4	5	6	2	246	398	0	0	0	0	644
179	Pct 7533	179	1	2	3	4	5	6	2	357	490	0	0	0	0	847
180	Pct 7534	180	1	2	3	4	5	6	2	322	415	0	0	0	0	737
181	Pct 7535	181	1	2	3	4	5	6	2	262	387	0	0	0	0	649
182	Pct 7536	182	1	2	3	4	5	6	2	291	421	0	0	0	0	712
183	Pct 7537	183	1	2	3	4	5	6	2	240	363	0	0	0	0	603
184	Pct 7538	184	1	2	3	4	5	6	2	246	400	0	0	0	0	646
185	Pct 7539	185	1	2	3	4	5	6	2	330	428	0	0	0	0	758
186	Pct 7541	186	1	2	3	4	5	6	2	248	400	0	0	0	0	648
187	Pct 7542	187	1	2	3	4	5	6	2	272	389	0	0	0	0	661
188	Pct 7543	188	1	2	3	4	5	6	2	216	467	0	0	0	0	683
189	Pct 7544	189	1	2	3	4	5	6	2	258	479	0	0	0	0	737
190	Pct 7545	190	1	2	3	4	5	6	2	273	480	0	0	0	0	753
191	Pct 7546	191	1	2	3	4	5	6	2	304	517	0	0	0	0	821
192	Pct 7547	192	1	2	3	4	5	6	2	315	505	0	0	0	0	820
193	Pct 7548	193	1	2	3	4	5	6	2	319	512	0	0	0	0	831
194	Pct 7549	194	1	2	3	4	5	6	2	215	431	0	0	0	0	646
195	Pct 7551	195	1	2	3	4	5	6	2	239	394	0	0	0	0	633
196	Pct 7552	196	1	2	3	4	5	6	2	241	361	0	0	0	0	602
197	Pct 7553 MB	197	1	2	3	4	5	6	2	6	126	0	0	0	0	132
198	Pct 7554	198	1	2	3	4	5	6	2	247	442	0	0	0	0	689
199	Pct 7555	199	1	2	3	4	5	6	2	290	459	0	0	0	0	749
200	Pct 7556/7557	200	1	2	3	4	5	6	2	275	573	0	0	0	0	848
201	Pct 7601	201	1	2	3	4	5	6	2	191	290	0	0	0	0	481
202	Pct 7602	202	1	2	3	4	5	6	2	213	379	0	0	0	0	592
203	Pct 7603	203	1	2	3	4	5	6	2	250	376	0	0	0	0	626
204	Pct 7604	204	1	2	3	4	5	6	2	266	352	0	0	0	0	618
205	Pct 7605	205	1	2	3	4	5	6	2	120	203	0	0	0	0	323
206	Pct 7606	206	1	2	3	4	5	6	2	205	330	0	0	0	0	535
207	Pct 7607	207	1	2	3	4	5	6	2	215	407	0	0	0	0	622
208	Pct 7608	208	1	2	3	4	5	6	2	70	136	0	0	0	0	206
209	Pct 7609	209	1	2	3	4	5	6	2	120	352	0	0	0	0	472
210	Pct 7611	210	1	2	3	4	5	6	2	126	269	0	0	0	0	395
211	Pct 7612	211	1	2	3	4	5	6	2	97	265	0	0	0	0	362
212	Pct 7613	212	1	2	3	4	5	6	2	204	340	0	0	0	0	544
213	Pct 7614	213	1	2	3	4	5	6	2	223	375	0	0	0	0	598
214	Pct 7615	214	1	2	3	4	5	6	2	162	237	0	0	0	0	399
215	Pct 7616	215	1	2	3	4	5	6	2	324	686	0	0	0	0	1010
216	Pct 7617	216	1	2	3	4	5	6	2	102	261	0	0	0	0	363
217	Pct 7618	217	1	2	3	4	5	6	2	168	407	0	0	0	0	575
218	Pct 7619	218	1	2	3	4	5	6	2	219	563	0	0	0	0	782
219	Pct 7621	219	1	2	3	4	5	6	2	287	668	0	0	0	0	955
220	Pct 7622	220	1	2	3	4	5	6	2	170	301	0	0	0	0	471
221	Pct 7623	221	1	2	3	4	5	6	2	184	297	0	0	0	0	481
222	Pct 7624	222	1	2	3	4	5	6	2	142	290	0	0	0	0	432
223	Pct 7625	223	1	2	3	4	5	6	2	66	475	0	0	0	0	541
224	Pct 7626	224	1	2	3	4	5	6	2	227	612	0	0	0	0	839
225	Pct 7627	225	1	2	3	4	5	6	2	267	582	0	0	0	0	849
226	Pct 7628	226	1	2	3	4	5	6	2	241	428	0	0	0	0	669
227	Pct 7629	227	1	2	3	4	5	6	2	208	343	0	0	0	0	551
228	Pct 7631	228	1	2	3	4	5	6	2	270	577	0	0	0	0	847
229	Pct 7632	229	1	2	3	4	5	6	2	289	561	0	0	0	0	850
230	Pct 7633	230	1	2	3	4	5	6	2	137	392	0	0	0	0	529
231	Pct 7634	231	1	2	3	4	5	6	2	195	421	0	0	0	0	616
232	Pct 7635	232	1	2	3	4	5	6	2	158	382	0	0	0	0	540
233	Pct 7636	233	1	2	3	4	5	6	2	251	465	0	0	0	0	716
234	Pct 7637	234	1	2	3	4	5	6	2	193	404	0	0	0	0	597
235	Pct 7638	235	1	2	3	4	5	6	2	295	871	0	0	0	0	1166
236	Pct 7639	236	1	2	3	4	5	6	2	242	559	0	0	0	0	801
237	Pct 7641	237	1	2	3	4	5	6	2	205	549	0	0	0	0	754
238	Pct 7642	238	1	2	3	4	5	6	2	153	394	0	0	0	0	547
239	Pct 7643	239	1	2	3	4	5	6	2	169	507	0	0	0	0	676
240	Pct 7644	240	1	2	3	4	5	6	2	330	554	0	0	0	0	884
241	Pct 7645	241	1	2	3	4	5	6	2	120	377	0	0	0	0	497
242	Pct 7646	242	1	2	3	4	5	6	2	267	592	0	0	0	0	859
243	Pct 7647	243	1	2	3	4	5	6	2	205	283	0	0	0	0	488
244	Pct 7648 MB	244	1	2	3	4	5	6	2	1	0	0	0	0	0	1
245	Pct 7649	245	1	2	3	4	5	6	2	178	395	0	0	0	0	573
246	Pct 7651	246	1	2	3	4	5	6	2	166	351	0	0	0	0	517
247	Pct 7652	247	1	2	3	4	5	6	2	135	301	0	0	0	0	436
248	Pct 7653	248	1	2	3	4	5	6	2	300	673	0	0	0	0	973
249	Pct 7701	249	1	2	3	4	5	6	2	296	597	0	0	0	0	893
250	Pct 7702	250	1	2	3	4	5	6	2	180	415	0	0	0	0	595
251	Pct 7703 MB	251	1	2	3	4	5	6	2	0	79	0	0	0	0	79
252	Pct 7704	252	1	2	3	4	5	6	2	257	557	0	0	0	0	814
253	Pct 7705	253	1	2	3	4	5	6	2	149	335	0	0	0	0	484
254	Pct 7706	254	1	2	3	4	5	6	2	252	467	0	0	0	0	719
255	Pct 7707	255	1	2	3	4	5	6	2	241	495	0	0	0	0	736
256	Pct 7708	256	1	2	3	4	5	6	2	205	540	0	0	0	0	745
257	Pct 7709	257	1	2	3	4	5	6	2	102	222	0	0	0	0	324
258	Pct 7711	258	1	2	3	4	5	6	2	198	422	0	0	0	0	620
259	Pct 7712	259	1	2	3	4	5	6	2	149	296	0	0	0	0	445
260	Pct 7801	260	1	2	3	4	5	6	2	264	596	0	0	0	0	860
261	Pct 7802	261	1	2	3	4	5	6	2	230	458	0	0	0	0	688
262	Pct 7803	262	1	2	3	4	5	6	2	174	552	0	0	0	0	726
263	Pct 7804	263	1	2	3	4	5	6	2	257	533	0	0	0	0	790
264	Pct 7805	264	1	2	3	4	5	6	2	228	484	0	0	0	0	712
265	Pct 7806	265	1	2	3	4	5	6	2	208	407	0	0	0	0	615
266	Pct 7807	266	1	2	3	4	5	6	2	276	417	0	0	0	0	693
267	Pct 7808	267	1	2	3	4	5	6	2	211	333	0	0	0	0	544
268	Pct 7809	268	1	2	3	4	5	6	2	238	405	0	0	0	0	643
269	Pct 7811	269	1	2	3	4	5	6	2	249	404	0	0	0	0	653
270	Pct 7812	270	1	2	3	4	5	6	2	257	454	0	0	0	0	711
271	Pct 7813	271	1	2	3	4	5	6	2	308	585	0	0	0	0	893
272	Pct 7814	272	1	2	3	4	5	6	2	228	341	0	0	0	0	569
273	Pct 7815	273	1	2	3	4	5	6	2	238	573	0	0	0	0	811
274	Pct 7816	274	1	2	3	4	5	6	2	236	531	0	0	0	0	767
275	Pct 7817	275	1	2	3	4	5	6	2	277	439	0	0	0	0	716
276	Pct 7818	276	1	2	3	4	5	6	2	234	452	0	0	0	0	686
277	Pct 7819	277	1	2	3	4	5	6	2	191	420	0	0	0	0	611
278	Pct 7821	278	1	2	3	4	5	6	2	248	630	0	0	0	0	878
279	Pct 7822	279	1	2	3	4	5	6	2	275	480	0	0	0	0	755
280	Pct 7823	280	1	2	3	4	5	6	2	270	501	0	0	0	0	771
281	Pct 7824	281	1	2	3	4	5	6	2	247	383	0	0	0	0	630
282	Pct 7825	282	1	2	3	4	5	6	2	191	302	0	0	0	0	493
283	Pct 7826	283	1	2	3	4	5	6	2	258	319	0	0	0	0	577
284	Pct 7827	284	1	2	3	4	5	6	2	261	361	0	0	0	0	622
285	Pct 7828	285	1	2	3	4	5	6	2	261	549	0	0	0	0	810
286	Pct 7829	286	1	2	3	4	5	6	2	237	557	0	0	0	0	794
287	Pct 7831	287	1	2	3	4	5	6	2	233	544	0	0	0	0	777
288	Pct 7832	288	1	2	3	4	5	6	2	188	488	0	0	0	0	676
289	Pct 7833	289	1	2	3	4	5	6	2	230	412	0	0	0	0	642
290	Pct 7834	290	1	2	3	4	5	6	2	277	439	0	0	0	0	716
291	Pct 7835	291	1	2	3	4	5	6	2	211	505	0	0	0	0	716
292	Pct 7836	292	1	2	3	4	5	6	2	260	623	0	0	0	0	883
293	Pct 7837	293	1	2	3	4	5	6	2	260	509	0	0	0	0	769
294	Pct 7838	294	1	2	3	4	5	6	2	239	546	0	0	0	0	785
295	Pct 7839	295	1	2	3	4	5	6	2	205	515	0	0	0	0	720
296	Pct 7841	296	1	2	3	4	5	6	2	291	526	0	0	0	0	817
297	Pct 7842	297	1	2	3	4	5	6	2	283	434	0	0	0	0	717
298	Pct 7843	298	1	2	3	4	5	6	2	232	380	0	0	0	0	612
299	Pct 7844	299	1	2	3	4	5	6	2	196	329	0	0	0	0	525
300	Pct 7845	300	1	2	3	4	5	6	2	241	469	0	0	0	0	710
301	Pct 7846	301	1	2	3	4	5	6	2	262	509	0	0	0	0	771
302	Pct 7847	302	1	2	3	4	5	6	2	261	529	0	0	0	0	790
303	Pct 7848	303	1	2	3	4	5	6	2	233	491	0	0	0	0	724
304	Pct 7849	304	1	2	3	4	5	6	2	264	522	0	0	0	0	786
305	Pct 7851	305	1	2	3	4	5	6	2	136	298	0	0	0	0	434
306	Pct 7852	306	1	2	3	4	5	6	2	143	394	0	0	0	0	537
307	Pct 7853	307	1	2	3	4	5	6	2	214	479	0	0	0	0	693
308	Pct 7854	308	1	2	3	4	5	6	2	248	500	0	0	0	0	748
309	Pct 7855	309	1	2	3	4	5	6	2	301	522	0	0	0	0	823
310	Pct 7856	310	1	2	3	4	5	6	2	265	425	0	0	0	0	690
311	Pct 7857	311	1	2	3	4	5	6	2	276	517	0	0	0	0	793
312	Pct 7858	312	1	2	3	4	5	6	2	245	394	0	0	0	0	639
313	Pct 7859	313	1	2	3	4	5	6	2	250	513	0	0	0	0	763
314	Pct 7861	314	1	2	3	4	5	6	2	217	510	0	0	0	0	727
315	Pct 7862	315	1	2	3	4	5	6	2	302	472	0	0	0	0	774
316	Pct 7863	316	1	2	3	4	5	6	2	311	440	0	0	0	0	751
317	Pct 7864	317	1	2	3	4	5	6	2	232	427	0	0	0	0	659
318	Pct 7865	318	1	2	3	4	5	6	2	241	463	0	0	0	0	704
319	Pct 7866	319	1	2	3	4	5	6	2	209	491	0	0	0	0	700
320	Pct 7867	320	1	2	3	4	5	6	2	266	512	0	0	0	0	778
321	Pct 7868	321	1	2	3	4	5	6	2	242	449	0	0	0	0	691
322	Pct 7869	322	1	2	3	4	5	6	2	239	489	0	0	0	0	728
323	Pct 7871	323	1	2	3	4	5	6	2	259	502	0	0	0	0	761
324	Pct 7872	324	1	2	3	4	5	6	2	288	472	0	0	0	0	760
325	Pct 7873	325	1	2	3	4	5	6	2	257	502	0	0	0	0	759
326	Pct 7874	326	1	2	3	4	5	6	2	137	256	0	0	0	0	393
327	Pct 7875	327	1	2	3	4	5	6	2	180	285	0	0	0	0	465
328	Pct 7876	328	1	2	3	4	5	6	2	154	269	0	0	0	0	423
329	Pct 7901	329	1	2	3	4	5	6	2	136	198	0	0	0	0	334
330	Pct 7902	330	1	2	3	4	5	6	2	258	401	0	0	0	0	659
331	Pct 7903	331	1	2	3	4	5	6	2	201	350	0	0	0	0	551
332	Pct 7904	332	1	2	3	4	5	6	2	212	403	0	0	0	0	615
333	Pct 7905	333	1	2	3	4	5	6	2	254	409	0	0	0	0	663
334	Pct 7906	334	1	2	3	4	5	6	2	245	335	0	0	0	0	580
335	Pct 7907	335	1	2	3	4	5	6	2	278	425	0	0	0	0	703
336	Pct 7908	336	1	2	3	4	5	6	2	284	408	0	0	0	0	692
337	Pct 7909	337	1	2	3	4	5	6	2	251	303	0	0	0	0	554
338	Pct 7911	338	1	2	3	4	5	6	2	244	395	0	0	0	0	639
339	Pct 7912	339	1	2	3	4	5	6	2	291	463	0	0	0	0	754
340	Pct 7913	340	1	2	3	4	5	6	2	312	378	0	0	0	0	690
341	Pct 7914	341	1	2	3	4	5	6	2	278	425	0	0	0	0	703
342	Pct 7915	342	1	2	3	4	5	6	2	266	351	0	0	0	0	617
343	Pct 7916	343	1	2	3	4	5	6	2	284	421	0	0	0	0	705
344	Pct 7917	344	1	2	3	4	5	6	2	315	428	0	0	0	0	743
345	Pct 7918	345	1	2	3	4	5	6	2	253	379	0	0	0	0	632
346	Pct 7919	346	1	2	3	4	5	6	2	309	376	0	0	0	0	685
347	Pct 7921	347	1	2	3	4	5	6	2	232	366	0	0	0	0	598
348	Pct 7922	348	1	2	3	4	5	6	2	250	383	0	0	0	0	633
349	Pct 7923	349	1	2	3	4	5	6	2	262	403	0	0	0	0	665
350	Pct 7924	350	1	2	3	4	5	6	2	238	382	0	0	0	0	620
351	Pct 7925	351	1	2	3	4	5	6	2	156	293	0	0	0	0	449
352	Pct 7926	352	1	2	3	4	5	6	2	229	390	0	0	0	0	619
353	Pct 7927	353	1	2	3	4	5	6	2	241	392	0	0	0	0	633
354	Pct 7928	354	1	2	3	4	5	6	2	284	489	0	0	0	0	773
355	Pct 7929	355	1	2	3	4	5	6	2	248	509	0	0	0	0	757
356	Pct 7931	356	1	2	3	4	5	6	2	219	408	0	0	0	0	627
357	Pct 7932	357	1	2	3	4	5	6	2	157	285	0	0	0	0	442
358	Pct 7933 MB	358	1	2	3	4	5	6	2	0	4	0	0	0	0	4
359	Pct 7934	359	1	2	3	4	5	6	2	250	472	0	0	0	0	722
360	Pct 7935	360	1	2	3	4	5	6	2	305	519	0	0	0	0	824
361	Pct 7936	361	1	2	3	4	5	6	2	287	428	0	0	0	0	715
362	Pct 7937	362	1	2	3	4	5	6	2	267	435	0	0	0	0	702
363	Pct 7938	363	1	2	3	4	5	6	2	213	337	0	0	0	0	550
364	Pct 7939	364	1	2	3	4	5	6	2	254	326	0	0	0	0	580
365	Pct 7941	365	1	2	3	4	5	6	2	218	348	0	0	0	0	566
366	Pct 7942	366	1	2	3	4	5	6	2	259	412	0	0	0	0	671
367	Pct 7943	367	1	2	3	4	5	6	2	258	439	0	0	0	0	697
368	Pct 7944	368	1	2	3	4	5	6	2	243	381	0	0	0	0	624
369	Pct 7945	369	1	2	3	4	5	6	2	186	414	0	0	0	0	600
370	Pct 7946	370	1	2	3	4	5	6	2	183	451	0	0	0	0	634
371	Pct 7947	371	1	2	3	4	5	6	2	182	430	0	0	0	0	612
372	Pct 7948	372	1	2	3	4	5	6	2	210	422	0	0	0	0	632
373	Pct 7949	373	1	2	3	4	5	6	2	100	292	0	0	0	0	392
374	Pct 7951	374	1	2	3	4	5	6	2	166	425	0	0	0	0	591
375	Pct 7952	375	1	2	3	4	5	6	2	167	359	0	0	0	0	526
376	Pct 7953	376	1	2	3	4	5	6	2	186	402	0	0	0	0	588
377	Pct 7954 MB	377	1	2	3	4	5	6	2	0	0	0	0	0	0	0
378	Pct 7955	378	1	2	3	4	5	6	2	199	435	0	0	0	0	634
379	Pct 7956	379	1	2	3	4	5	6	2	136	353	0	0	0	0	489
380	Pct 7957	380	1	2	3	4	5	6	2	147	298	0	0	0	0	445
381	Pct 7958 MB	381	1	2	3	4	5	6	2	9	141	0	0	0	0	150
382	Pct 7959	382	1	2	3	4	5	6	2	160	326	0	0	0	0	486
383	Pct 9001 MB	383	1	2	3	4	5	6	2	4	142	0	0	0	0	146
384	Pct 9101	384	1	2	3	4	5	6	2	260	438	0	0	0	0	698
385	Pct 9102	385	1	2	3	4	5	6	2	257	471	0	0	0	0	728
386	Pct 9103	386	1	2	3	4	5	6	2	273	431	0	0	0	0	704
387	Pct 9104	387	1	2	3	4	5	6	2	239	465	0	0	0	0	704
388	Pct 9105	388	1	2	3	4	5	6	2	247	488	0	0	0	0	735
389	Pct 9106	389	1	2	3	4	5	6	2	268	497	0	0	0	0	765
390	Pct 9107	390	1	2	3	4	5	6	2	219	372	0	0	0	0	591
391	Pct 9108	391	1	2	3	4	5	6	2	247	373	0	0	0	0	620
392	Pct 9109	392	1	2	3	4	5	6	2	263	428	0	0	0	0	691
393	Pct 9111	393	1	2	3	4	5	6	2	229	346	0	0	0	0	575
394	Pct 9112	394	1	2	3	4	5	6	2	284	467	0	0	0	0	751
395	Pct 9113	395	1	2	3	4	5	6	2	311	505	0	0	0	0	816
396	Pct 9114	396	1	2	3	4	5	6	2	263	405	0	0	0	0	668
397	Pct 9115	397	1	2	3	4	5	6	2	258	429	0	0	0	0	687
398	Pct 9116	398	1	2	3	4	5	6	2	281	473	0	0	0	0	754
399	Pct 9117	399	1	2	3	4	5	6	2	222	398	0	0	0	0	620
400	Pct 9118	400	1	2	3	4	5	6	2	286	426	0	0	0	0	712
401	Pct 9119	401	1	2	3	4	5	6	2	237	447	0	0	0	0	684
402	Pct 9121	402	1	2	3	4	5	6	2	256	434	0	0	0	0	690
403	Pct 9122	403	1	2	3	4	5	6	2	210	454	0	0	0	0	664
404	Pct 9123	404	1	2	3	4	5	6	2	232	418	0	0	0	0	650
405	Pct 9124	405	1	2	3	4	5	6	2	202	438	0	0	0	0	640
406	Pct 9125	406	1	2	3	4	5	6	2	210	437	0	0	0	0	647
407	Pct 9126	407	1	2	3	4	5	6	2	245	533	0	0	0	0	778
408	Pct 9127	408	1	2	3	4	5	6	2	269	498	0	0	0	0	767
409	Pct 9128	409	1	2	3	4	5	6	2	248	412	0	0	0	0	660
410	Pct 9129	410	1	2	3	4	5	6	2	243	348	0	0	0	0	591
411	Pct 9131	411	1	2	3	4	5	6	2	193	403	0	0	0	0	596
412	Pct 9132	412	1	2	3	4	5	6	2	248	371	0	0	0	0	619
413	Pct 9133	413	1	2	3	4	5	6	2	271	503	0	0	0	0	774
414	Pct 9134	414	1	2	3	4	5	6	2	210	469	0	0	0	0	679
415	Pct 9135	415	1	2	3	4	5	6	2	215	389	0	0	0	0	604
416	Pct 9136	416	1	2	3	4	5	6	2	253	439	0	0	0	0	692
417	Pct 9137	417	1	2	3	4	5	6	2	260	467	0	0	0	0	727
418	Pct 9138	418	1	2	3	4	5	6	2	226	477	0	0	0	0	703
419	Pct 9139	419	1	2	3	4	5	6	2	243	510	0	0	0	0	753
420	Pct 9141	420	1	2	3	4	5	6	2	252	477	0	0	0	0	729
421	Pct 9142	421	1	2	3	4	5	6	2	276	459	0	0	0	0	735
422	Pct 9143	422	1	2	3	4	5	6	2	251	463	0	0	0	0	714
423	Pct 9144	423	1	2	3	4	5	6	2	293	482	0	0	0	0	775
424	Pct 9145	424	1	2	3	4	5	6	2	249	423	0	0	0	0	672
425	Pct 9146	425	1	2	3	4	5	6	2	245	464	0	0	0	0	709
426	Pct 9147	426	1	2	3	4	5	6	2	281	492	0	0	0	0	773
427	Pct 9148	427	1	2	3	4	5	6	2	325	513	0	0	0	0	838
428	Pct 9149	428	1	2	3	4	5	6	2	264	478	0	0	0	0	742
429	Pct 9151	429	1	2	3	4	5	6	2	227	418	0	0	0	0	645
430	Pct 9152	430	1	2	3	4	5	6	2	270	279	0	0	0	0	549
431	Pct 9201	431	1	2	3	4	5	6	2	300	475	0	0	0	0	775
432	Pct 9202	432	1	2	3	4	5	6	2	294	426	0	0	0	0	720
433	Pct 9203	433	1	2	3	4	5	6	2	239	536	0	0	0	0	775
434	Pct 9204	434	1	2	3	4	5	6	2	273	393	0	0	0	0	666
435	Pct 9205	435	1	2	3	4	5	6	2	208	376	0	0	0	0	584
436	Pct 9206	436	1	2	3	4	5	6	2	249	479	0	0	0	0	728
437	Pct 9207	437	1	2	3	4	5	6	2	262	502	0	0	0	0	764
438	Pct 9208	438	1	2	3	4	5	6	2	287	491	0	0	0	0	778
439	Pct 9209	439	1	2	3	4	5	6	2	245	327	0	0	0	0	572
440	Pct 9211	440	1	2	3	4	5	6	2	234	432	0	0	0	0	666
441	Pct 9212	441	1	2	3	4	5	6	2	234	400	0	0	0	0	634
442	Pct 9213	442	1	2	3	4	5	6	2	264	508	0	0	0	0	772
443	Pct 9214	443	1	2	3	4	5	6	2	166	334	0	0	0	0	500
444	Pct 9215	444	1	2	3	4	5	6	2	194	327	0	0	0	0	521
445	Pct 9216	445	1	2	3	4	5	6	2	246	379	0	0	0	0	625
446	Pct 9217	446	1	2	3	4	5	6	2	194	349	0	0	0	0	543
447	Pct 9218	447	1	2	3	4	5	6	2	249	412	0	0	0	0	661
448	Pct 9219	448	1	2	3	4	5	6	2	242	399	0	0	0	0	641
449	Pct 9221	449	1	2	3	4	5	6	2	145	399	0	0	0	0	544
450	Pct 9222	450	1	2	3	4	5	6	2	249	449	0	0	0	0	698
451	Pct 9223	451	1	2	3	4	5	6	2	160	338	0	0	0	0	498
452	Pct 9224	452	1	2	3	4	5	6	2	263	506	0	0	0	0	769
453	Pct 9225	453	1	2	3	4	5	6	2	299	469	0	0	0	0	768
454	Pct 9226	454	1	2	3	4	5	6	2	271	486	0	0	0	0	757
455	Pct 9227	455	1	2	3	4	5	6	2	188	404	0	0	0	0	592
456	Pct 9228	456	1	2	3	4	5	6	2	189	424	0	0	0	0	613
457	Pct 9229	457	1	2	3	4	5	6	2	162	316	0	0	0	0	478
458	Pct 9231	458	1	2	3	4	5	6	2	313	488	0	0	0	0	801
459	Pct 9232	459	1	2	3	4	5	6	2	212	396	0	0	0	0	608
460	Pct 9233	460	1	2	3	4	5	6	2	209	434	0	0	0	0	643
461	Pct 9234	461	1	2	3	4	5	6	2	187	438	0	0	0	0	625
462	Pct 9235	462	1	2	3	4	5	6	2	239	488	0	0	0	0	727
463	Pct 9236	463	1	2	3	4	5	6	2	201	358	0	0	0	0	559
464	Pct 9237	464	1	2	3	4	5	6	2	229	539	0	0	0	0	768
465	Pct 9238	465	1	2	3	4	5	6	2	230	456	0	0	0	0	686
466	Pct 9239	466	1	2	3	4	5	6	2	200	499	0	0	0	0	699
467	Pct 9241	467	1	2	3	4	5	6	2	255	578	0	0	0	0	833
468	Pct 9242	468	1	2	3	4	5	6	2	277	513	0	0	0	0	790
469	Pct 9243	469	1	2	3	4	5	6	2	193	307	0	0	0	0	500
470	Pct 9244	470	1	2	3	4	5	6	2	255	485	0	0	0	0	740
471	Pct 9245	471	1	2	3	4	5	6	2	209	375	0	0	0	0	584
472	Pct 9246	472	1	2	3	4	5	6	2	257	528	0	0	0	0	785
473	Pct 9247	473	1	2	3	4	5	6	2	264	515	0	0	0	0	779
474	Pct 9248	474	1	2	3	4	5	6	2	258	487	0	0	0	0	745
475	Pct 9249	475	1	2	3	4	5	6	2	271	495	0	0	0	0	766
476	Pct 9251	476	1	2	3	4	5	6	2	287	530	0	0	0	0	817
477	Pct 9252	477	1	2	3	4	5	6	2	219	550	0	0	0	0	769
478	Pct 9253	478	1	2	3	4	5	6	2	187	397	0	0	0	0	584
479	Pct 9254	479	1	2	3	4	5	6	2	230	538	0	0	0	0	768
480	Pct 9255	480	1	2	3	4	5	6	2	183	263	0	0	0	0	446
481	Pct 9256	481	1	2	3	4	5	6	2	130	233	0	0	0	0	363
482	Pct 9257 MB	482	1	2	3	4	5	6	2	14	235	0	0	0	0	249
483	Pct 9258	483	1	2	3	4	5	6	2	193	373	0	0	0	0	566
484	Pct 9401	484	1	2	3	4	5	6	2	293	484	0	0	0	0	777
485	Pct 9402	485	1	2	3	4	5	6	2	290	458	0	0	0	0	748
486	Pct 9403	486	1	2	3	4	5	6	2	240	419	0	0	0	0	659
487	Pct 9404	487	1	2	3	4	5	6	2	200	462	0	0	0	0	662
488	Pct 9405	488	1	2	3	4	5	6	2	210	364	0	0	0	0	574
489	Pct 9406	489	1	2	3	4	5	6	2	244	421	0	0	0	0	665
490	Pct 9407	490	1	2	3	4	5	6	2	253	409	0	0	0	0	662
491	Pct 9408	491	1	2	3	4	5	6	2	265	415	0	0	0	0	680
492	Pct 9409	492	1	2	3	4	5	6	2	201	252	0	0	0	0	453
493	Pct 9411	493	1	2	3	4	5	6	2	271	431	0	0	0	0	702
494	Pct 9412	494	1	2	3	4	5	6	2	245	380	0	0	0	0	625
495	Pct 9413	495	1	2	3	4	5	6	2	229	461	0	0	0	0	690
496	Pct 9414	496	1	2	3	4	5	6	2	216	463	0	0	0	0	679
497	Pct 9415	497	1	2	3	4	5	6	2	187	392	0	0	0	0	579
498	Pct 9416	498	1	2	3	4	5	6	2	282	480	0	0	0	0	762
499	Pct 9417	499	1	2	3	4	5	6	2	175	402	0	0	0	0	577
500	Pct 9418	500	1	2	3	4	5	6	2	211	376	0	0	0	0	587
501	Pct 9419	501	1	2	3	4	5	6	2	222	468	0	0	0	0	690
502	Pct 9421	502	1	2	3	4	5	6	2	238	446	0	0	0	0	684
503	Pct 9422	503	1	2	3	4	5	6	2	283	513	0	0	0	0	796
504	Pct 9423	504	1	2	3	4	5	6	2	219	440	0	0	0	0	659
505	Pct 9424	505	1	2	3	4	5	6	2	224	496	0	0	0	0	720
506	Pct 9425	506	1	2	3	4	5	6	2	199	465	0	0	0	0	664
507	Pct 9426	507	1	2	3	4	5	6	2	198	408	0	0	0	0	606
508	Pct 9427	508	1	2	3	4	5	6	2	210	447	0	0	0	0	657
509	Pct 9428	509	1	2	3	4	5	6	2	183	518	0	0	0	0	701
510	Pct 9429	510	1	2	3	4	5	6	2	228	432	0	0	0	0	660
511	Pct 9431	511	1	2	3	4	5	6	2	235	464	0	0	0	0	699
512	Pct 9432	512	1	2	3	4	5	6	2	214	468	0	0	0	0	682
513	Pct 9433	513	1	2	3	4	5	6	2	195	487	0	0	0	0	682
514	Pct 9434	514	1	2	3	4	5	6	2	261	481	0	0	0	0	742
515	Pct 9435	515	1	2	3	4	5	6	2	251	448	0	0	0	0	699
516	Pct 9436	516	1	2	3	4	5	6	2	232	495	0	0	0	0	727
517	Pct 9437	517	1	2	3	4	5	6	2	219	435	0	0	0	0	654
518	Pct 9438	518	1	2	3	4	5	6	2	202	496	0	0	0	0	698
519	Pct 9439	519	1	2	3	4	5	6	2	173	425	0	0	0	0	598
520	Pct 9441	520	1	2	3	4	5	6	2	261	462	0	0	0	0	723
521	Pct 9442	521	1	2	3	4	5	6	2	280	461	0	0	0	0	741
522	Pct 9443	522	1	2	3	4	5	6	2	220	442	0	0	0	0	662
523	Pct 9444	523	1	2	3	4	5	6	2	190	442	0	0	0	0	632
524	Pct 9445	524	1	2	3	4	5	6	2	230	493	0	0	0	0	723
525	Pct 9446	525	1	2	3	4	5	6	2	240	564	0	0	0	0	804
526	Pct 9447	526	1	2	3	4	5	6	2	236	448	0	0	0	0	684
527	Pct 9448	527	1	2	3	4	5	6	2	232	429	0	0	0	0	661
528	Pct 9449	528	1	2	3	4	5	6	2	177	428	0	0	0	0	605
529	Pct 9451	529	1	2	3	4	5	6	2	97	218	0	0	0	0	315
530	Pct 9452	530	1	2	3	4	5	6	2	259	412	0	0	0	0	671
531	Pct 9453	531	1	2	3	4	5	6	2	135	244	0	0	0	0	379
532	Pct 9501 MB	532	1	2	3	4	5	6	2	8	110	0	0	0	0	118
533	Pct 9502 MB	533	1	2	3	4	5	6	2	17	177	0	0	0	0	194
534	Pct 9503/9504	534	1	2	3	4	5	6	2	198	315	0	0	0	0	513
535	Pct 9505	535	1	2	3	4	5	6	2	177	383	0	0	0	0	560
536	Pct 9506	536	1	2	3	4	5	6	2	177	313	0	0	0	0	490
537	Pct 9507	537	1	2	3	4	5	6	2	231	406	0	0	0	0	637
538	Pct 9508	538	1	2	3	4	5	6	2	237	429	0	0	0	0	666
539	Pct 9509	539	1	2	3	4	5	6	2	230	386	0	0	0	0	616
540	Pct 9511	540	1	2	3	4	5	6	2	190	296	0	0	0	0	486
541	Pct 9512	541	1	2	3	4	5	6	2	240	399	0	0	0	0	639
542	Pct 9513	542	1	2	3	4	5	6	2	275	390	0	0	0	0	665
543	Pct 9514/9522	543	1	2	3	4	5	6	2	304	456	0	0	0	0	760
544	Pct 9515	544	1	2	3	4	5	6	2	222	368	0	0	0	0	590
545	Pct 9516	545	1	2	3	4	5	6	2	254	427	0	0	0	0	681
546	Pct 9517	546	1	2	3	4	5	6	2	228	397	0	0	0	0	625
547	Pct 9518	547	1	2	3	4	5	6	2	229	431	0	0	0	0	660
548	Pct 9519	548	1	2	3	4	5	6	2	262	486	0	0	0	0	748
549	Pct 9521	549	1	2	3	4	5	6	2	316	442	0	0	0	0	758
550	Pct 9701	550	1	2	3	4	5	6	2	201	340	0	0	0	0	541
551	Pct 9702	551	1	2	3	4	5	6	2	210	364	0	0	0	0	574
552	Pct 9703	552	1	2	3	4	5	6	2	232	530	0	0	0	0	762
553	Pct 9704	553	1	2	3	4	5	6	2	279	505	0	0	0	0	784
554	Pct 9705	554	1	2	3	4	5	6	2	261	483	0	0	0	0	744
555	Pct 9706 MB	555	1	2	3	4	5	6	2	2	39	0	0	0	0	41
556	Pct 9707	556	1	2	3	4	5	6	2	173	491	0	0	0	0	664
557	Pct 9708	557	1	2	3	4	5	6	2	250	500	0	0	0	0	750
558	Pct 9709	558	1	2	3	4	5	6	2	281	517	0	0	0	0	798
559	Pct 9711	559	1	2	3	4	5	6	2	195	336	0	0	0	0	531
560	Pct 9712	560	1	2	3	4	5	6	2	160	398	0	0	0	0	558
561	Pct 9713	561	1	2	3	4	5	6	2	225	489	0	0	0	0	714
562	Pct 9714	562	1	2	3	4	5	6	2	208	538	0	0	0	0	746
563	Pct 9715	563	1	2	3	4	5	6	2	180	309	0	0	0	0	489
564	Pct 9716	564	1	2	3	4	5	6	2	239	481	0	0	0	0	720
565	Pct 9717	565	1	2	3	4	5	6	2	265	532	0	0	0	0	797
566	Pct 9718	566	1	2	3	4	5	6	2	227	496	0	0	0	0	723
567	Pct 9719	567	1	2	3	4	5	6	2	245	524	0	0	0	0	769
568	Pct 9721	568	1	2	3	4	5	6	2	198	357	0	0	0	0	555
569	Pct 9722	569	1	2	3	4	5	6	2	119	355	0	0	0	0	474
570	Pct 9723	570	1	2	3	4	5	6	2	98	275	0	0	0	0	373
571	Pct 9724	571	1	2	3	4	5	6	2	205	565	0	0	0	0	770
572	Pct 9725	572	1	2	3	4	5	6	2	214	499	0	0	0	0	713
573	Pct 9726	573	1	2	3	4	5	6	2	263	241	0	0	0	0	504
574	Pct 9727	574	1	2	3	4	5	6	2	79	271	0	0	0	0	350
575	Pct 9728	575	1	2	3	4	5	6	2	231	503	0	0	0	0	734
576	Pct 9729	576	1	2	3	4	5	6	2	191	442	0	0	0	0	633
577	Pct 9731	577	1	2	3	4	5	6	2	167	282	0	0	0	0	449
578	Pct 9732 MB	578	1	2	3	4	5	6	2	2	56	0	0	0	0	58
579	Pct 9733 MB	579	1	2	3	4	5	6	2	7	191	0	0	0	0	198
580	Pct 9734	580	1	2	3	4	5	6	2	154	341	0	0	0	0	495
581	Pct 9735	581	1	2	3	4	5	6	2	206	449	0	0	0	0	655
582	Pct 9736	582	1	2	3	4	5	6	2	173	410	0	0	0	0	583
583	Pct 9737	583	1	2	3	4	5	6	2	208	476	0	0	0	0	684
584	Pct 9738	584	1	2	3	4	5	6	2	185	404	0	0	0	0	589
585	Pct 9739	585	1	2	3	4	5	6	2	220	335	0	0	0	0	555
586	Pct 9741	586	1	2	3	4	5	6	2	232	105	0	0	0	0	337
587	Pct 9742	587	1	2	3	4	5	6	2	180	289	0	0	0	0	469
588	Pct 9743	588	1	2	3	4	5	6	2	310	501	0	0	0	0	811
589	Pct 9744	589	1	2	3	4	5	6	2	247	391	0	0	0	0	638
590	Pct 9745	590	1	2	3	4	5	6	2	282	346	0	0	0	0	628
591	Pct 9746	591	1	2	3	4	5	6	2	232	452	0	0	0	0	684
592	Pct 9747	592	1	2	3	4	5	6	2	246	470	0	0	0	0	716
593	Pct 9748	593	1	2	3	4	5	6	2	229	475	0	0	0	0	704
594	Pct 9749	594	1	2	3	4	5	6	2	225	384	0	0	0	0	609
595	Pct 9751	595	1	2	3	4	5	6	2	253	523	0	0	0	0	776
596	Pct 9752	596	1	2	3	4	5	6	2	175	392	0	0	0	0	567
597	Pct 9753	597	1	2	3	4	5	6	2	186	388	0	0	0	0	574
598	Pct 9754	598	1	2	3	4	5	6	2	47	377	0	0	0	0	424
599	Pct 9755	599	1	2	3	4	5	6	2	172	285	0	0	0	0	457
600	Pct 9756	600	1	2	3	4	5	6	2	185	477	0	0	0	0	662
601	Pct 9801	601	1	2	3	4	5	6	2	104	181	0	0	0	0	285
602	Pct 9900 MB	602	1	2	3	4	5	6	2	0	0	0	0	0	0	0
603	Pct 9901 MB	603	1	2	3	4	5	6	2	0	0	0	0	0	0	0
604	Pct 9902 MB	604	1	2	3	4	5	6	2	0	0	0	0	0	0	0
